initial state (5, 4, 1, 0, 15, 10, 14, 12, 3, 13, 2, 8, 11, 7, 6, 9)
final state (1, 2, 3, 4, 12, 13, 14, 5, 11, 0, 15, 6, 10, 9, 8, 7)

hello, (5, 4, 1, 12, 3, 2, 13, 14, 10, 15, 6, 0, 11, 7, 9, 8)

clo1 (5, 4, 1, 12, 3, 2, 13, 14, 10, 15, 0, 6, 11, 7, 9, 8) <__main__.Node object at 0x10479be10> <__main__.Node object at 0x10479be10>
clo1 (5, 4, 1, 12, 3, 2, 13, 14, 10, 0, 15, 6, 11, 7, 9, 8) <__main__.Node object at 0x10479be48> <__main__.Node object at 0x10479be48>

hello, (5, 4, 1, 12, 3, 2, 13, 14, 10, 15, 9, 6, 11, 7, 0, 8)
hello, (5, 4, 1, 12, 3, 2, 13, 14, 0, 10, 15, 6, 11, 7, 9, 8)
hello, (5, 4, 1, 12, 3, 0, 13, 14, 10, 2, 15, 6, 11, 7, 9, 8)
hello, (5, 4, 1, 12, 3, 2, 13, 14, 10, 7, 15, 6, 11, 0, 9, 8)

exception (5, 4, 1, 12, 3, 2, 13, 14, 0, 10, 15, 6, 11, 7, 9, 8)
hello,    (5, 4, 1, 12, 3, 2, 13, 14, 0, 10, 15, 6, 11, 7, 9, 8)


openset (5, 4, 0, 1, 15, 10, 14, 12, 3, 13, 2, 8, 11, 7, 6, 9)
openset (5, 4, 1, 12, 15, 10, 14, 8, 3, 13, 2, 0, 11, 7, 6, 9)
openset (5, 4, 1, 12, 15, 0, 10, 14, 3, 13, 2, 8, 11, 7, 6, 9)
openset (5, 4, 0, 12, 15, 10, 1, 14, 3, 13, 2, 8, 11, 7, 6, 9)
openset (5, 4, 1, 12, 15, 10, 2, 14, 3, 13, 8, 0, 11, 7, 6, 9)
openset (5, 4, 1, 12, 15, 10, 2, 14, 3, 13, 6, 8, 11, 7, 0, 9)
openset (5, 4, 1, 12, 15, 10, 2, 14, 3, 7, 13, 8, 11, 0, 6, 9)
openset (5, 4, 1, 12, 0, 10, 2, 14, 15, 3, 13, 8, 11, 7, 6, 9)
openset (5, 4, 1, 12, 15, 10, 2, 14, 11, 3, 13, 8, 0, 7, 6, 9)
openset (5, 4, 1, 12, 15, 2, 0, 14, 3, 10, 13, 8, 11, 7, 6, 9)
openset (5, 0, 1, 12, 15, 4, 2, 14, 3, 10, 13, 8, 11, 7, 6, 9)
openset (0, 4, 1, 12, 5, 15, 2, 14, 3, 10, 13, 8, 11, 7, 6, 9)
openset (5, 4, 1, 12, 3, 15, 2, 14, 10, 13, 8, 0, 11, 7, 6, 9)
openset (5, 4, 1, 12, 3, 15, 0, 14, 10, 13, 2, 8, 11, 7, 6, 9)
openset (5, 0, 1, 12, 3, 4, 2, 14, 10, 15, 13, 8, 11, 7, 6, 9)
openset (5, 4, 1, 12, 3, 15, 2, 14, 11, 10, 13, 8, 7, 0, 6, 9)
openset (5, 4, 1, 12, 3, 2, 14, 0, 10, 15, 13, 8, 11, 7, 6, 9)
openset (5, 4, 0, 12, 3, 2, 1, 14, 10, 15, 13, 8, 11, 7, 6, 9)
openset (5, 4, 1, 12, 3, 2, 13, 14, 10, 15, 8, 0, 11, 7, 6, 9)
openset (5, 4, 1, 12, 3, 0, 13, 14, 10, 2, 15, 8, 11, 7, 6, 9)
openset (5, 4, 1, 12, 0, 15, 2, 14, 3, 13, 6, 8, 10, 11, 7, 9)
openset (5, 4, 1, 12, 3, 15, 2, 14, 0, 10, 6, 8, 11, 13, 7, 9)
openset (5, 4, 1, 12, 3, 15, 2, 14, 10, 6, 0, 8, 11, 13, 7, 9)
openset (5, 4, 1, 12, 3, 2, 13, 14, 10, 6, 0, 8, 11, 15, 7, 9)
openset (5, 4, 1, 12, 3, 0, 13, 14, 10, 2, 6, 8, 11, 15, 7, 9)
openset (5, 4, 1, 12, 3, 15, 2, 14, 13, 6, 0, 8, 10, 11, 7, 9)
openset (5, 4, 1, 12, 3, 2, 13, 14, 15, 0, 6, 8, 10, 11, 7, 9)
openset (5, 4, 1, 12, 0, 2, 13, 14, 3, 15, 6, 8, 10, 11, 7, 9)
openset (5, 4, 1, 12, 3, 15, 2, 14, 10, 7, 13, 8, 0, 11, 6, 9)
openset (5, 4, 1, 12, 3, 15, 2, 14, 10, 7, 13, 8, 11, 6, 0, 9)
openset (4, 0, 1, 12, 5, 3, 2, 14, 10, 15, 13, 8, 11, 7, 6, 9)
openset (5, 4, 1, 12, 10, 3, 2, 14, 15, 0, 13, 8, 11, 7, 6, 9)
openset (5, 4, 1, 12, 10, 3, 2, 14, 11, 15, 13, 8, 0, 7, 6, 9)
openset (5, 4, 1, 12, 3, 15, 2, 0, 10, 13, 6, 14, 11, 7, 9, 8)
openset (5, 4, 1, 12, 3, 15, 0, 14, 10, 13, 2, 6, 11, 7, 9, 8)
openset (5, 0, 1, 12, 3, 4, 2, 14, 10, 15, 13, 6, 11, 7, 9, 8)
openset (5, 4, 1, 12, 3, 15, 2, 14, 10, 13, 9, 6, 11, 7, 8, 0)
openset (5, 4, 1, 12, 3, 2, 14, 0, 10, 15, 13, 6, 11, 7, 9, 8)
openset (5, 4, 0, 12, 3, 2, 1, 14, 10, 15, 13, 6, 11, 7, 9, 8)
openset (5, 4, 1, 12, 3, 0, 13, 14, 10, 2, 15, 6, 11, 7, 9, 8)
openset (5, 4, 1, 12, 0, 15, 2, 14, 3, 13, 9, 6, 10, 11, 7, 8)
openset (5, 4, 1, 12, 3, 15, 2, 14, 0, 10, 9, 6, 11, 13, 7, 8)
openset (5, 4, 1, 12, 3, 15, 2, 14, 10, 9, 0, 6, 11, 13, 7, 8)
openset (5, 4, 1, 12, 3, 0, 2, 14, 10, 15, 9, 6, 11, 13, 7, 8)
openset (5, 4, 1, 12, 3, 15, 2, 14, 13, 9, 0, 6, 10, 11, 7, 8)
openset (5, 4, 1, 12, 3, 0, 2, 14, 13, 15, 9, 6, 10, 11, 7, 8)
openset (5, 4, 1, 12, 3, 15, 2, 14, 13, 11, 9, 6, 10, 0, 7, 8)
openset (5, 4, 1, 12, 0, 2, 13, 14, 3, 10, 15, 8, 11, 7, 6, 9)
openset (5, 4, 1, 12, 3, 2, 13, 14, 11, 10, 15, 8, 0, 7, 6, 9)
openset (5, 4, 1, 12, 3, 2, 13, 14, 10, 7, 15, 8, 0, 11, 6, 9)
openset (5, 4, 1, 12, 3, 2, 13, 14, 10, 7, 15, 8, 11, 6, 0, 9)
openset (5, 4, 1, 12, 3, 2, 0, 14, 10, 15, 6, 8, 11, 13, 7, 9)
openset (5, 0, 1, 12, 3, 4, 2, 14, 10, 15, 6, 8, 11, 13, 7, 9)
openset (0, 4, 1, 12, 5, 3, 2, 14, 10, 15, 6, 8, 11, 13, 7, 9)
openset (5, 4, 1, 12, 10, 3, 2, 14, 0, 15, 6, 8, 11, 13, 7, 9)
openset (5, 4, 1, 12, 3, 2, 13, 0, 10, 15, 6, 14, 11, 7, 9, 8)
openset (5, 4, 1, 12, 0, 2, 13, 14, 3, 10, 15, 6, 11, 7, 9, 8)
openset (5, 4, 1, 12, 3, 2, 13, 14, 10, 7, 15, 6, 0, 11, 9, 8)
openset (5, 4, 1, 12, 3, 2, 13, 14, 10, 15, 9, 6, 11, 7, 8, 0)
openset (5, 4, 1, 12, 3, 2, 13, 14, 0, 10, 9, 6, 11, 15, 7, 8)
openset (5, 4, 1, 12, 3, 0, 13, 14, 10, 2, 9, 6, 11, 15, 7, 8)
openset (5, 4, 1, 12, 3, 2, 13, 14, 10, 9, 6, 0, 11, 15, 7, 8)
openset (5, 4, 1, 12, 3, 2, 0, 14, 10, 9, 13, 6, 11, 15, 7, 8)
openset (5, 4, 1, 12, 3, 2, 13, 14, 10, 9, 7, 6, 11, 15, 0, 8)
openset (5, 4, 1, 12, 3, 2, 13, 14, 11, 10, 15, 6, 7, 0, 9, 8)
openset (5, 4, 1, 12, 3, 2, 13, 14, 10, 7, 15, 6, 11, 9, 8, 0)
openset (5, 4, 1, 12, 3, 2, 13, 14, 10, 7, 0, 6, 11, 9, 15, 8)
openset (5, 4, 1, 12, 3, 2, 13, 14, 15, 0, 9, 6, 10, 11, 7, 8)
openset (5, 4, 1, 12, 0, 2, 13, 14, 3, 15, 9, 6, 10, 11, 7, 8)
openset (5, 4, 1, 12, 0, 2, 13, 14, 3, 10, 6, 8, 11, 15, 7, 9)
openset (5, 4, 1, 12, 3, 2, 13, 14, 11, 10, 6, 8, 0, 15, 7, 9)
openset (5, 4, 1, 12, 3, 2, 0, 14, 13, 15, 6, 8, 10, 11, 7, 9)
openset (5, 0, 1, 12, 3, 4, 2, 14, 13, 15, 6, 8, 10, 11, 7, 9)
openset (0, 4, 1, 12, 5, 3, 2, 14, 13, 15, 6, 8, 10, 11, 7, 9)
openset (5, 4, 1, 12, 13, 3, 2, 14, 15, 0, 6, 8, 10, 11, 7, 9)
openset (5, 4, 1, 12, 13, 3, 2, 14, 10, 15, 6, 8, 0, 11, 7, 9)
openset (5, 4, 1, 12, 3, 15, 2, 14, 13, 11, 6, 8, 0, 10, 7, 9)
openset (5, 4, 1, 12, 3, 15, 2, 14, 13, 11, 6, 8, 10, 7, 0, 9)
openset (5, 4, 1, 12, 0, 15, 2, 14, 3, 10, 13, 6, 11, 7, 9, 8)
openset (5, 4, 1, 12, 3, 15, 2, 14, 11, 10, 13, 6, 0, 7, 9, 8)
openset (5, 4, 1, 12, 3, 15, 2, 14, 10, 7, 13, 6, 0, 11, 9, 8)
openset (5, 4, 1, 12, 3, 15, 2, 14, 10, 7, 13, 6, 11, 9, 0, 8)
openset (4, 0, 1, 12, 5, 3, 2, 14, 10, 15, 13, 6, 11, 7, 9, 8)
openset (5, 4, 1, 12, 10, 3, 2, 14, 15, 0, 13, 6, 11, 7, 9, 8)
openset (5, 4, 1, 12, 10, 3, 2, 14, 11, 15, 13, 6, 0, 7, 9, 8)

closedset (5, 4, 1, 0, 15, 10, 14, 12, 3, 13, 2, 8, 11, 7, 6, 9)
closedset (5, 4, 1, 12, 15, 10, 14, 0, 3, 13, 2, 8, 11, 7, 6, 9)
closedset (5, 4, 1, 12, 15, 10, 0, 14, 3, 13, 2, 8, 11, 7, 6, 9)
closedset (5, 4, 1, 12, 15, 10, 2, 14, 3, 13, 0, 8, 11, 7, 6, 9)
closedset (5, 4, 1, 12, 15, 10, 2, 14, 3, 0, 13, 8, 11, 7, 6, 9)
closedset (5, 4, 1, 12, 15, 10, 2, 14, 0, 3, 13, 8, 11, 7, 6, 9)
closedset (5, 4, 1, 12, 15, 0, 2, 14, 3, 10, 13, 8, 11, 7, 6, 9)
closedset (5, 4, 1, 12, 0, 15, 2, 14, 3, 10, 13, 8, 11, 7, 6, 9)
closedset (5, 4, 1, 12, 3, 15, 2, 14, 0, 10, 13, 8, 11, 7, 6, 9)
closedset (5, 4, 1, 12, 3, 15, 2, 14, 10, 0, 13, 8, 11, 7, 6, 9)
closedset (5, 4, 1, 12, 3, 15, 2, 14, 10, 13, 0, 8, 11, 7, 6, 9)
closedset (5, 4, 1, 12, 3, 0, 2, 14, 10, 15, 13, 8, 11, 7, 6, 9)
closedset (5, 4, 1, 12, 0, 3, 2, 14, 10, 15, 13, 8, 11, 7, 6, 9)
closedset (5, 4, 1, 12, 3, 15, 2, 14, 11, 10, 13, 8, 0, 7, 6, 9)
closedset (5, 4, 1, 12, 3, 15, 2, 14, 10, 13, 6, 8, 11, 7, 0, 9)
closedset (5, 4, 1, 12, 3, 15, 2, 14, 10, 13, 6, 8, 11, 0, 7, 9)
closedset (5, 4, 1, 12, 3, 2, 0, 14, 10, 15, 13, 8, 11, 7, 6, 9)
closedset (5, 4, 1, 12, 3, 2, 13, 14, 10, 15, 0, 8, 11, 7, 6, 9)
closedset (5, 4, 1, 12, 3, 2, 13, 14, 10, 0, 15, 8, 11, 7, 6, 9)
closedset (5, 4, 1, 12, 3, 15, 2, 14, 10, 13, 6, 8, 0, 11, 7, 9)
closedset (5, 4, 1, 12, 3, 15, 2, 14, 0, 13, 6, 8, 10, 11, 7, 9)
closedset (5, 4, 1, 12, 3, 15, 2, 14, 10, 0, 6, 8, 11, 13, 7, 9)
closedset (5, 4, 1, 12, 3, 2, 13, 14, 10, 15, 6, 8, 11, 7, 0, 9)
closedset (5, 4, 1, 12, 3, 2, 13, 14, 10, 15, 6, 8, 11, 0, 7, 9)
closedset (5, 4, 1, 12, 3, 2, 13, 14, 10, 0, 6, 8, 11, 15, 7, 9)
closedset (5, 4, 1, 12, 3, 15, 2, 14, 13, 0, 6, 8, 10, 11, 7, 9)
closedset (5, 4, 1, 12, 3, 2, 13, 14, 10, 15, 6, 8, 0, 11, 7, 9)
closedset (5, 4, 1, 12, 3, 2, 13, 14, 0, 15, 6, 8, 10, 11, 7, 9)
closedset (5, 4, 1, 12, 3, 15, 2, 14, 10, 7, 13, 8, 11, 0, 6, 9)
closedset (0, 4, 1, 12, 5, 3, 2, 14, 10, 15, 13, 8, 11, 7, 6, 9)
closedset (5, 4, 1, 12, 10, 3, 2, 14, 0, 15, 13, 8, 11, 7, 6, 9)
closedset (5, 4, 1, 12, 3, 15, 2, 14, 10, 13, 6, 8, 11, 7, 9, 0)
closedset (5, 4, 1, 12, 3, 15, 2, 14, 10, 13, 6, 0, 11, 7, 9, 8)
closedset (5, 4, 1, 12, 3, 15, 2, 14, 10, 13, 0, 6, 11, 7, 9, 8)
closedset (5, 4, 1, 12, 3, 15, 2, 14, 10, 0, 13, 6, 11, 7, 9, 8)
closedset (5, 4, 1, 12, 3, 0, 2, 14, 10, 15, 13, 6, 11, 7, 9, 8)
closedset (5, 4, 1, 12, 0, 3, 2, 14, 10, 15, 13, 6, 11, 7, 9, 8)
closedset (5, 4, 1, 12, 3, 15, 2, 14, 10, 13, 9, 6, 11, 7, 0, 8)
closedset (5, 4, 1, 12, 3, 15, 2, 14, 10, 13, 9, 6, 11, 0, 7, 8)
closedset (5, 4, 1, 12, 3, 2, 0, 14, 10, 15, 13, 6, 11, 7, 9, 8)
closedset (5, 4, 1, 12, 3, 15, 2, 14, 10, 13, 9, 6, 0, 11, 7, 8)
closedset (5, 4, 1, 12, 3, 15, 2, 14, 0, 13, 9, 6, 10, 11, 7, 8)
closedset (5, 4, 1, 12, 3, 15, 2, 14, 10, 0, 9, 6, 11, 13, 7, 8)
closedset (5, 4, 1, 12, 3, 15, 2, 14, 13, 0, 9, 6, 10, 11, 7, 8)
closedset (5, 4, 1, 12, 3, 2, 13, 14, 0, 10, 15, 8, 11, 7, 6, 9)
closedset (5, 4, 1, 12, 3, 2, 13, 14, 10, 7, 15, 8, 11, 0, 6, 9)
closedset (5, 4, 1, 12, 3, 0, 2, 14, 10, 15, 6, 8, 11, 13, 7, 9)
closedset (5, 4, 1, 12, 0, 3, 2, 14, 10, 15, 6, 8, 11, 13, 7, 9)
closedset (5, 4, 1, 12, 3, 2, 13, 14, 10, 15, 6, 8, 11, 7, 9, 0)
closedset (5, 4, 1, 12, 3, 2, 13, 14, 10, 15, 6, 0, 11, 7, 9, 8)
closedset (5, 4, 1, 12, 3, 2, 13, 14, 10, 15, 0, 6, 11, 7, 9, 8)
closedset (5, 4, 1, 12, 3, 2, 13, 14, 10, 0, 15, 6, 11, 7, 9, 8)
closedset (5, 4, 1, 12, 3, 2, 13, 14, 0, 10, 15, 6, 11, 7, 9, 8)
closedset (5, 4, 1, 12, 3, 2, 13, 14, 10, 7, 15, 6, 11, 0, 9, 8)
closedset (5, 4, 1, 12, 3, 2, 13, 14, 10, 15, 9, 6, 11, 7, 0, 8)
closedset (5, 4, 1, 12, 3, 2, 13, 14, 10, 15, 9, 6, 11, 0, 7, 8)
closedset (5, 4, 1, 12, 3, 2, 13, 14, 10, 0, 9, 6, 11, 15, 7, 8)
closedset (5, 4, 1, 12, 3, 2, 13, 14, 10, 9, 0, 6, 11, 15, 7, 8)
closedset (5, 4, 1, 12, 3, 2, 13, 14, 11, 10, 15, 6, 0, 7, 9, 8)
closedset (5, 4, 1, 12, 3, 2, 13, 14, 10, 7, 15, 6, 11, 9, 0, 8)
closedset (5, 4, 1, 12, 3, 2, 13, 14, 10, 15, 9, 6, 0, 11, 7, 8)
closedset (5, 4, 1, 12, 3, 2, 13, 14, 0, 15, 9, 6, 10, 11, 7, 8)
closedset (5, 4, 1, 12, 3, 2, 13, 14, 0, 10, 6, 8, 11, 15, 7, 9)
closedset (5, 4, 1, 12, 3, 0, 2, 14, 13, 15, 6, 8, 10, 11, 7, 9)
closedset (5, 4, 1, 12, 0, 3, 2, 14, 13, 15, 6, 8, 10, 11, 7, 9)
closedset (5, 4, 1, 12, 13, 3, 2, 14, 0, 15, 6, 8, 10, 11, 7, 9)
closedset (5, 4, 1, 12, 3, 15, 2, 14, 13, 11, 6, 8, 10, 0, 7, 9)
closedset (5, 4, 1, 12, 3, 15, 2, 14, 0, 10, 13, 6, 11, 7, 9, 8)
closedset (5, 4, 1, 12, 3, 15, 2, 14, 10, 7, 13, 6, 11, 0, 9, 8)
closedset (0, 4, 1, 12, 5, 3, 2, 14, 10, 15, 13, 6, 11, 7, 9, 8)
closedset (5, 4, 1, 12, 10, 3, 2, 14, 0, 15, 13, 6, 11, 7, 9, 8)

