# This puzzle is solvable
40
   1    2    3    4    5    6    7    8  164   11   12  167   13   14   15   17  172   18   19   20   21   22   23   24   25   26   27   28   29   30   31   32   33   34   35   36   37   38   39   40
 156  157  158  159  160  161  162  163   10    9  166  168  169  170  317  171   16  173  174  175  176  177  178  179  180  181  182  183  184  185  186  187  188  189  190  191  192  193  194   41
 155  304  305  445  306  307  310  578  311  165  313  314  315  316  456  318  319  320  321  322  323  324  325  326  327  328  329  330  331  332  333  334  335  336  337  338  339  340  195   42
 154  303  444  446  308  448  309  450  581  312  451  453  709  586  455  457  458  459  460  461  462  463  464  465  466  467  468  469  470  471  472  473  474  475  476  477  478  341  196   43
 153  302  443  576  700  580  702  582  704  583  820  452  584  454  587  588  589  590  591  592  593  594  595  596  598  599  722  600  601  602  603  604  605  606  607  608  479  342  197   44
 152  301  442  575  816  699  447  579  703  707 1119  705  708  585  710  711  712  828  713  714  716  718  719  720  597  721  723  724  839  725  726  727  728  729  730  609  480  343  198   45
 151  300  441  574  701  926  577  449  817  819  818  822  823  824  825  826  827  935  829  830  831  717  833  834  835  836  837  838  946  840  841  842  843  844  731  610  481  344  199   46
 150  299  440  573  698  925  814 1025  924  927  930  821  929 1121  931  932  934  715  936  937  938  832  940  941  942 1042  943  945 1045  947  948  949  950  845  732  611  482  345  200   47
 149  298  572  697  696  815  923 1024 1026 1027  706 1028 1203 1029  933 1122 1033 1034 1035  939 1038 1128 1039 1040 1132 1041  944 1043 1044 1046 1047 1048  846  847  733  612  483  346  201   48
 148  297  439  571  812  695  922 1023 1116 1117  928 1120 1204 1202 1030 1124 1125 1209 1126 1036 1127 1356 1130 1131 1215 1133 1134 1135 1136 1137 1138 1049  951 1051  734  613  484  347  202   49
 437  436  438  569  694  813  921 1022 1198 1200 1118 1344 1031 1032 1205 1123 1206 1284 1285 1210 1037 1287 1289 1288 1212 1213 1216 1217 1219 1220 1139 1050  953  486  952  735  485  348  203   50
 296  295  570  435  693  811  920 1021 1199 1115 1201 1276 1278 1277 1347 1282 1207 1208 1409 1353 1211 1412 1214 1129 1291 1358 1292 1218 1295 1294 1141 1140  956  848  736  617  487  349  204   51
 147  146  294  568  692  919  918 1020 1113 1275 1114 1345 1346 1280 1279 1281 1349 1350 1462 1352 1286 1414 1354 1357 1290 1361 1416 1293 1360 1221 1142 1052  850  739  614  954  616  350  205   52
 145  143  434  567  809  810  917 1112  691 1197 1343 1404 1405 1406 1407 1348 1408 1283 1351 1461 1411 1413 1467 1355 1510 1359 1363 1296    0 1224 1143  955  849  737  851  615  488  351  206   53
 293  144  564  432  566  808  916 1019 1196 1273 1274 1342 1403 1456 1537 1502 1459 1410 1584 1460 1463 1464 1465 1415 1509 1362 1418 1419 1223 1222 1225 1053  958  957  738  618  489  352  207   54
 142  292  433  565  431  690  807 1018 1111 1110 1340 1272 1455 1454 1458 1500 1499 1564 1563 1506 1541 1507 1508 1466 1468 1417 1469 1298 1299 1297 1144 1054 1055  853  619  490  354  208  209   55
 141  291  290  806  915  688 1016 1017 1109 1195 1271 1402 1341 1453 1457 1498 1501 1565 1505 1503 1568 1542 1570 1543 1511 1470 1420 1364 1228 1226 1145 1056  959  852  740  492  491  353  210   56
 139  140  430  563  687  689  914 1107 1014 1194 1193 1270 1401 1399 1497 1535 1538 1583 1539 1504 1567 1588 1571 1544 1512 1473 1421 1365 1302 1366 1146 1057  854  960  856  620  355  356  211   57
 289  287  288  428  562  805 1013 1108 1192 1269 1338 1339 1398 1400 1496 1534 1562 1536 1540 1566 1597 1569 1513 1545 1548 1423 1304 1422 1471 1300 1147 1058  962  742  855  741  622  623  493   58
 138  284  427  429  686  803  804  913 1105 1106 1268 1337 1451 1452 1495 1533 1585 1586 1589 1595 1590 1474 1472 1514 1425 1424 1368 1367 1227 1301 1303 1229  961 1148  743  744  621  357   59   60
 136  137  285  561  685  802  911 1015 1011 1191 1267 1336 1397 1450 1531 1560 1582 1596 1599 1572 1587 1553 1547 1591 1475 1515 1426 1549 1516 1305 1149 1059  964  857  858  624  494  358  213  212
 135  286  557  560  684  801  910  912 1012 1190 1266 1335 1396 1449 1494 1530 1532 1594 1580 1592 1598 1593 1573 1427 1546 1369 1309 1152 1151 1060  965 1062  859  963  746  625  495  359   61  215
 282  134  426  559  683  799 1010 1103 1104 1189 1188 1265 1395 1448 1493 1529 1581 1561 1558 1524 1579 1577 1574 1552 1518 1517 1551 1232 1230 1231  967 1061  745  861  860  747  496  214  361   62
 425  132  133  558  682  798  800  909 1102 1187 1333 1334 1393 1446 1394 1491 1492 1559 1556 1554 1575 1436 1481 1521 1476 1371 1428 1307 1370 1234 1154 1308  966  864  748  498  626  216  497  360
 280  131  283  423  680  681 1008 1009 1101 1186 1184 1392 1264 1527 1528 1330 1557 1555 1485 1523 1483 1482 1576 1477 1235 1480 1431 1312 1150 1233  862 1063 1153  863  629  627  628  499  217   63
 555  130  422  554  556  906  908  907  796 1185 1263 1445 1332 1447 1442 1526 1438 1440 1486 1384 1484 1522 1519 1479 1429 1433 1306 1372 1478 1156 1155 1067 1064 1065  750  500  752  630  362   64
 424  420  553  421  679  797  905 1100 1007 1261 1327 1490 1390 1256 1489 1487 1387 1441 1525 1383 1317 1437 1381 1432 1375 1378 1241 1239 1373 1238 1236  969  968  751  749  631  364  222  363  219
 281  279  419  278  678  795  904 1006 1005 1262 1182 1255 1444 1443 1391 1488 1385 1386 1322 1578 1319 1520 1380 1550 1379 1315 1066 1311 1377 1237 1160 1068  970  865  632  633  502  501  367   65
 129  418  277  416  675  552  903  999 1099 1183 1328 1389 1329 1260 1253 1325 1323 1321 1320 1249 1247 1382 1435 1316 1078 1430 1244 1434 1374 1314 1240 1158  973  866  868  504  223  365   67  220
 128  127  126  676  901  899 1003 1180 1098 1097 1259 1331 1088 1388 1175 1254 1324 1252 1251 1250 1439 1318 1168  981 1079  980 1165 1243 1376 1157 1069 1071  975  754  755  221  753  366   66  218
 417  271  276  550  671  794  677 1258 1004 1095  996 1181 1176 1257 1089  990 1174 1173 1083 1171  885 1080 1246 1167 1166 1245 1161  878 1310 1073  971  869  972  871  503   68  505  368   71   69
 275  274  272  793 1002  902 1091 1094 1096 1178 1092  893  993 1326  995  888 1087  991 1172 1170 1248  986 1077  985 1164 1242 1162  978 1075  977  645 1159  872  756  867  506  634  507   70  224
 792  549  273  674  900  898  788 1001  785  892 1177  997 1179 1086  661  992 1090 1084 1082 1085 1169  987  984  882 1163  768  876 1313 1072  643  875  974  870  873  757  636  635  369  225   72
 546  548  672  540  545 1000  670  664  897  998  895  781  994  660  890  776  532  887 1081  886  883  772  653  651  982  766 1076  874 1074  764  762 1070  760  761  758  637  370  508  373  226
 122  124  415  673  547  406  787  790  786  663  536  666 1093  659  399  779  988  775  656  989  771  773  650  983  523  881  877  521  765  763  979  976  516  514  759  638  510  371  228   73
 270  125  266  409  413  264  667  791  668  402  782  537  662  780  891  400  777  251  657  774  394  389  884  388  247  880  386  519  879  518  382  644  515  640  641  639  376  509   74   76
 414  118  269  123  265  669  408  896  410  665  894  538  778  108  889  256  658  252  531  655  391  527  245  770  647  654  648  383  646  517  240  380  642  379  512  511  229  227  230   77
 121  268  120  267  117  109  112  405  784  539  783  260  535  533  105  255  534  253  529  525  395  528  390  769  524  520  649  384   89   91  243  238  237  236  513   83  377  374  372  375
 116  412  542  551  543  789  263  411  110  403  257  401  107  398  104  530  103  248  396  393  526   97  392  652  249   95  387  767  522  385   90  381  239  378   82  233  234  232   75  231
 119  114  115  113  111  544  407  404  262  541  258  259  261  106  254  102  101  397  250   99  100   98   96   93  244  246   92  242   94   88  241   87   86  235   85   84   81   80   79   78
